00100000
00000001
00000000
00000111
00110000
00100010
00000000
00000100
00110100
01000011
00000000
00001000
00111000
01100100
00000000
00001011
10001100
10000101
00000000
00000011
10101100
00100010
00000000
00000010
00010000
00100100
00000000
00000010
00000000
00000000
00000000
00000000
00000000
00000000
00000000
00000000
00000000
10000101
00110000
00100000
00010100
00100010
00000000
00000010
00000000
00000000
00000000
00000000
00000000
00000000
00000000
00000000
00000000
01000001
00111000
00100010
00111100
00001000
00000000
00001100
00000000
00100010
01001000
00100100
00000000
01000101
01010000
00100101
00000000
01100100
01011000
00100110
00000000
01101001
01100000
00100111
00000000
00000011
01101000
10000000
00000000
00001101
01110000
11000010
00000000
00001100
01111000
10000011
00100001
10110000
00000000
00110100
00000010
00000000
00000000
00001000
00000000
00000000
00000000
00000000
00001000
00000000
00000000
01110000
00000000
00000000
00000000
00000000
00000000
00000000
00000000
00000000
00001100
00000000
00000000
01111000